0.0
0.0
0.411
0.333
0.325
0.0
0.0
0.0
0.556
0.0
0.0
0.0
0.659
0.91
0.326
0.538
0.0
0.0
0.735
0.0
0.0
0.5
0.0
0.0
0.364
0.721
0.962
0.577
1.0
1.0
0.789
1.0
0.281
1.0
0.268
0.5
0.0
0.0
0.0
0.0
1.0
0.0
0.58
1.0
0.398
0.1
1.0
1.0
0.155
0.436
0.0
0.636
0.989
0.9
0.0
0.0
1.0
0.667
0.0
0.0
0.143
0.0
0.0
0.841
0.0
1.0
0.0
0.0
0.633
0.482
0.143
0.0
0.761
0.587
0.0
0.125
1.0
0.182
1.0
0.625
0.0
0.0
0.982
0.0
0.839
0.0
0.0
1.0
0.354
0.0
0.97
0.81
0.0
0.0
0.0
0.0
0.0
0.45
0.0
0.0
0.0
0.977
1.0
0.833
0.947
0.143
0.795
0.583
0.162
0.0
0.989
0.975
0.543
0.378
0.0
0.0
1.0
0.0
1.0
0.0
0.0
0.155
1.0
0.0
0.0
0.0
0.876
0.853
0.25
0.25
0.0
1.0
0.0
0.0
0.0
1.0
0.0
0.433
0.0
0.0
1.0
0.0
0.125
0.0
0.0
0.0
0.0
0.0
1.0
0.609
0.398
0.963
0.0
1.0
1.0
1.0
0.333
0.167
0.251
0.266
0.0
0.0
0.665
0.0
0.0
1.0
0.0
0.989
0.433
0.496
0.81
0.798
1.0
0.0
0.0
0.0
1.0
0.5
0.0
0.975
1.0
0.91
1.0
0.771
0.155
0.0
0.0
0.239
1.0
0.0
0.0
0.786
1.0
0.162
0.0
1.0
0.0
0.0
0.0
0.0
0.383
0.0
0.0
0.0
0.0
0.0
0.2
0.0
0.0
1.0
0.0
0.0
0.0
0.0
0.467
1.0
0.947
0.0
0.125
0.0
0.975
0.0
0.383
0.75
0.877
0.686
0.643
0.643
0.849
1.0
0.0
0.927
0.0
1.0
0.0
0.35
0.2
0.0
0.9
0.2
0.5
0.0
0.0
0.0
1.0
0.0
0.982
0.111
0.0
0.0
0.43
1.0
0.0
0.0
0.0
0.0
0.5
0.0
0.0
0.0
0.0
0.0
0.643
1.0
0.0
0.25
0.0
0.825
0.0
0.1
0.125
0.0
0.0
0.1
0.162
0.167
0.786
1.0
0.948
0.0
0.0
0.5
0.0
0.0
0.0
0.0
0.583
0.818
0.0
0.342
0.0
0.0
0.767
0.611
0.143
0.1
0.0
0.0
0.928
0.0
0.162
0.0
0.693
0.393
1.0
0.0
0.83
0.0
0.0
0.767
0.583
0.0
0.982
0.2
0.693
0.0
0.0
0.0
1.0
0.0
1.0
0.0
0.0
0.0
0.25
0.875
0.0
0.2
0.737
0.0
1.0
0.692
0.643
0.0
1.0
0.88
0.528
0.0
1.0
1.0
0.242
0.88
0.0
1.0
0.0
0.796
0.266
0.171
0.747
1.0
1.0
0.0
0.0
1.0
0.0
0.23
0.0
0.0
1.0
0.0
0.0
0.0
1.0
0.162
0.5
0.0
0.1
0.835
0.967
1.0
0.0
0.0
0.0
1.0
0.0
0.0
0.933
0.0
1.0
0.947
0.155
0.0
0.182
0.0
0.0
0.856
0.416
0.1
0.5
0.0
0.0
0.69
0.0
0.0
0.0
0.0
1.0
0.331
0.325
0.0
0.0
0.611
0.621
0.666
1.0
0.515
0.0
0.0
0.665
0.0
1.0
1.0
0.183
0.496
0.977
0.0
0.0
0.692
0.155
0.208
0.0
0.977
1.0
